1754071239545 0.7541666666666667 0
1754071239545 0.7541666666666667 0
1754074509167 0.7541666666666667 0
1754071239545 0.7541666666666667 0
1754071239545 0.7541666666666667 0
1754074509167 0.7541666666666667 0
1754075412633 0.7541666666666667 0
1754075412633 0.7541666666666667 0
1754071239545 0.7541666666666667 0
1754071239545 0.7541666666666667 0
1754074509167 0.7541666666666667 0
1754071239545 0.7541666666666667 0
1754071239545 0.7541666666666667 0
1754074509167 0.7541666666666667 0
1754075412633 0.7541666666666667 0
1754075412633 0.7541666666666667 0
1754076011893 0.7541666666666667 0
1754076011893 0.7541666666666667 0
1754076011893 0.7541666666666667 0
1754071239545 0.7541666666666667 0
1754071239545 0.7541666666666667 0
1754074509167 0.7541666666666667 0
1754071239545 0.7541666666666667 0
1754071239545 0.7541666666666667 0
1754074509167 0.7541666666666667 0
1754075412633 0.7541666666666667 0
1754075412633 0.7541666666666667 0
1754071239545 0.7541666666666667 0
1754071239545 0.7541666666666667 0
1754074509167 0.7541666666666667 0
1754071239545 0.7541666666666667 0
1754071239545 0.7541666666666667 0
1754074509167 0.7541666666666667 0
1754075412633 0.7541666666666667 0
1754075412633 0.7541666666666667 0
1754076011893 0.7541666666666667 0
1754076011893 0.7541666666666667 0
1754076011893 0.7541666666666667 0
