1754071250486 0.002724157879129052 0
1754071250486 0.002724157879129052 0
1754074523376 0.0005658227019011974 0
1754071250486 0.002724157879129052 0
1754071250486 0.002724157879129052 0
1754074523376 0.0005658227019011974 0
1754075423309 0.0005528613110072911 0
1754071250486 0.002724157879129052 0
1754071250486 0.002724157879129052 0
1754074523376 0.0005658227019011974 0
1754071250486 0.002724157879129052 0
1754071250486 0.002724157879129052 0
1754074523376 0.0005658227019011974 0
1754075423309 0.0005528613110072911 0
1754076021848 0.0005528613110072911 0
