1754071239545 0.8578199052132701 0
1754071239545 0.8578199052132701 0
1754074509167 0.8578199052132701 0
1754071239545 0.8578199052132701 0
1754071239545 0.8578199052132701 0
1754074509167 0.8578199052132701 0
1754075412633 0.8578199052132701 0
1754075412633 0.8578199052132701 0
1754071239545 0.8578199052132701 0
1754071239545 0.8578199052132701 0
1754074509167 0.8578199052132701 0
1754071239545 0.8578199052132701 0
1754071239545 0.8578199052132701 0
1754074509167 0.8578199052132701 0
1754075412633 0.8578199052132701 0
1754075412633 0.8578199052132701 0
1754076011893 0.8578199052132701 0
1754076011893 0.8578199052132701 0
1754076011893 0.8578199052132701 0
1754071239545 0.8578199052132701 0
1754071239545 0.8578199052132701 0
1754074509167 0.8578199052132701 0
1754071239545 0.8578199052132701 0
1754071239545 0.8578199052132701 0
1754074509167 0.8578199052132701 0
1754075412633 0.8578199052132701 0
1754075412633 0.8578199052132701 0
1754071239545 0.8578199052132701 0
1754071239545 0.8578199052132701 0
1754074509167 0.8578199052132701 0
1754071239545 0.8578199052132701 0
1754071239545 0.8578199052132701 0
1754074509167 0.8578199052132701 0
1754075412633 0.8578199052132701 0
1754075412633 0.8578199052132701 0
1754076011893 0.8578199052132701 0
1754076011893 0.8578199052132701 0
1754076011893 0.8578199052132701 0
