1754071239545 0.6728624535315985 0
1754071239545 0.6728624535315985 0
1754074509167 0.6728624535315985 0
1754071239545 0.6728624535315985 0
1754071239545 0.6728624535315985 0
1754074509167 0.6728624535315985 0
1754075412633 0.6728624535315985 0
1754075412633 0.6728624535315985 0
1754071239545 0.6728624535315985 0
1754071239545 0.6728624535315985 0
1754074509167 0.6728624535315985 0
1754071239545 0.6728624535315985 0
1754071239545 0.6728624535315985 0
1754074509167 0.6728624535315985 0
1754075412633 0.6728624535315985 0
1754075412633 0.6728624535315985 0
1754076011893 0.6728624535315985 0
1754076011893 0.6728624535315985 0
1754076011893 0.6728624535315985 0
1754071239545 0.6728624535315985 0
1754071239545 0.6728624535315985 0
1754074509167 0.6728624535315985 0
1754071239545 0.6728624535315985 0
1754071239545 0.6728624535315985 0
1754074509167 0.6728624535315985 0
1754075412633 0.6728624535315985 0
1754075412633 0.6728624535315985 0
1754071239545 0.6728624535315985 0
1754071239545 0.6728624535315985 0
1754074509167 0.6728624535315985 0
1754071239545 0.6728624535315985 0
1754071239545 0.6728624535315985 0
1754074509167 0.6728624535315985 0
1754075412633 0.6728624535315985 0
1754075412633 0.6728624535315985 0
1754076011893 0.6728624535315985 0
1754076011893 0.6728624535315985 0
1754076011893 0.6728624535315985 0
