1754069190738 0.002566433046013117 0
1754069190775 5.94151861150749e-05 1
1754069190812 2.751250212895684e-05 2
1754069190848 1.8944127077702433e-05 3
1754069190885 1.3321036021807231e-05 4
1754069190925 8.818961759970989e-06 5
1754069190966 6.349095656332793e-06 6
1754069191018 4.552957761916332e-06 7
1754069191087 3.4586971651151543e-06 8
1754069191125 3.0561127459804993e-06 9
1754069191169 2.5972774437832413e-06 10
1754069191208 2.3106222215574235e-06 11
1754069191260 1.973022563106497e-06 12
1754069191309 1.7431734704587143e-06 13
1754069191385 1.3968842722533736e-06 14
1754069191472 1.1345937309670262e-06 15
1754069191515 8.410233363065345e-07 16
1754069191558 6.945988388906699e-07 17
1754069191603 5.674454541804153e-07 18
1754069191645 5.062231593910838e-07 19
1754069191701 4.219736808863672e-07 20
1754069191743 3.7368232597145834e-07 21
1754069191782 3.3737484272933216e-07 22
1754069191823 3.3914133723556006e-07 23
1754069191864 3.5099714068564936e-07 24
1754069191904 3.1910602160678536e-07 25
1754069191946 3.7998009361217555e-07 26
1754069191988 2.6952565690407937e-07 27
1754069192037 3.3053629522328265e-07 28
1754069192092 3.200085245680384e-07 29
